[gd_scene load_steps=4 format=3 uid="uid://mxbxw7alw11e"]

[ext_resource type="PackedScene" uid="uid://dpwie8skpdd0b" path="res://Models/Characters/enemy.glb" id="1_3duo0"]
[ext_resource type="Script" path="res://Scripts/Enemy.cs" id="2_dh8rh"]

[sub_resource type="SphereShape3D" id="SphereShape3D_3ne5e"]

[node name="enemy" groups=["Enemy"] instance=ExtResource("1_3duo0")]
script = ExtResource("2_dh8rh")

[node name="character" parent="." index="0"]
transform = Transform3D(1.5, 0, 0, 0, 1.5, 0, 0, 0, 1.5, 0, 0, 0)

[node name="leg-left" parent="character/root" index="2"]
transform = Transform3D(0.965926, 0, 0.258819, 0, 1, 0, -0.258819, 0, 0.965926, 0.125, 0.17625, -0.02375)

[node name="leg-right" parent="character/root" index="3"]
transform = Transform3D(0.965926, 0, -0.258819, 0, 1, 0, 0.258819, 0, 0.965926, -0.125, 0.17625, -0.02375)

[node name="torso" parent="character/root" index="4"]
transform = Transform3D(1, 0, 0, 0, 0.996195, 0.0871558, 0, -0.0871558, 0.996195, 0, 0.17625, -0.02375)

[node name="CollisionShape3D" type="CollisionShape3D" parent="." index="2"]
transform = Transform3D(1.235, 0, 0, 0, 1.235, 0, 0, 0, 1.235, 0, 0.567942, 0)
visible = false
shape = SubResource("SphereShape3D_3ne5e")
